function dg1=dgfun1(x)
dg1=[1 0 0 0; 0 1 0 0; 0 0 1 0; 0 0 0 1]';